1 174
1 237
1 283
1 375
1 467
1 486
1 487
1 630
1 774
1 797
1 848
1 974
2 9
2 89
2 106
2 117
2 233
2 274
2 356
2 373
2 625
2 778
2 870
2 937
3 78
3 192
3 355
3 594
3 687
3 833
3 836
3 846
3 964
3 978
4 105
4 142
4 312
4 929
4 987
5 71
5 107
5 154
5 227
5 253
5 300
5 314
5 371
5 552
5 735
5 839
5 862
5 921
5 927
5 970
5 1000
6 154
6 272
6 335
6 362
6 395
6 397
6 689
6 765
6 827
7 207
7 312
7 457
7 541
7 565
7 574
7 674
8 31
8 211
8 347
8 457
8 476
8 496
8 850
8 916
8 954
9 50
9 61
9 409
9 523
9 626
9 704
9 709
9 844
9 912
9 937
9 1000
10 64
10 143
10 146
10 204
10 252
10 278
10 310
10 415
10 424
10 430
10 444
10 864
10 914
10 998
11 115
11 116
11 210
11 234
11 323
11 649
11 780
11 929
11 947
11 950
12 117
12 127
12 333
12 417
12 488
12 712
12 885
12 886
12 925
13 113
13 464
13 632
13 735
13 915
13 981
14 85
14 341
14 555
14 727
14 730
14 759
14 788
14 874
14 944
14 995
15 76
15 131
15 152
15 287
15 319
15 393
15 429
15 467
15 608
16 56
16 139
16 221
16 385
16 389
16 442
16 460
16 547
16 725
16 969
17 49
17 97
17 170
17 276
17 512
17 692
17 763
17 779
17 804
17 836
17 925
17 984
18 31
18 88
18 102
18 595
18 750
18 941
19 158
19 170
19 325
19 409
19 487
19 562
19 599
19 630
19 744
19 799
19 857
19 859
19 903
20 69
20 74
20 124
20 156
20 225
20 366
20 428
20 505
20 586
20 603
20 837
20 883
20 925
21 66
21 196
21 235
21 297
21 331
21 356
21 417
21 583
21 709
21 748
22 476
22 535
22 597
22 646
22 687
22 694
22 959
23 92
23 98
23 292
23 610
23 646
23 647
23 702
24 89
24 243
24 292
24 303
24 442
24 475
24 683
24 791
24 901
24 971
25 28
25 130
25 273
25 286
25 301
25 426
25 668
25 794
25 874
25 880
25 882
25 908
25 910
25 911
25 913
26 115
26 161
26 245
26 328
26 368
26 448
26 702
26 736
26 760
26 945
26 981
27 77
27 433
27 505
27 509
27 625
27 806
27 836
27 900
27 997
28 174
28 209
28 257
28 268
28 572
28 592
28 837
28 895
28 932
29 130
29 414
29 518
29 662
29 773
29 793
30 72
30 99
30 232
30 367
30 414
30 466
30 525
30 752
30 757
31 76
31 210
31 219
31 312
31 355
31 591
31 689
31 749
31 770
31 835
31 846
31 956
32 92
32 167
32 285
32 322
32 451
32 475
32 597
32 607
32 647
32 661
32 843
32 988
33 82
33 89
33 172
33 249
33 250
33 939
33 966
34 48
34 52
34 77
34 93
34 134
34 135
34 176
34 320
34 329
34 375
34 466
35 130
35 178
35 297
35 363
35 368
35 518
35 539
35 587
35 654
35 679
35 732
35 845
35 878
35 917
36 89
36 162
36 265
36 298
36 416
36 578
36 613
36 638
36 644
36 730
36 807
36 841
36 963
36 998
37 249
37 258
37 357
37 505
37 563
37 582
37 648
37 725
37 813
37 917
38 260
38 319
38 344
38 410
38 437
38 461
38 546
38 604
38 632
38 673
38 745
38 793
38 989
39 109
39 256
39 359
39 520
39 609
39 629
39 854
39 879
39 974
40 88
40 189
40 446
40 539
40 643
40 647
40 874
41 247
41 338
41 424
41 678
41 682
41 732
42 315
42 471
42 476
42 560
42 575
42 644
42 669
42 734
43 211
43 229
43 370
43 395
43 430
43 585
43 594
43 640
44 297
44 339
44 443
44 552
44 564
44 605
44 659
44 681
44 787
44 812
44 921
44 998
45 63
45 110
45 361
45 365
45 722
45 805
45 842
45 938
46 156
46 335
46 377
46 398
46 411
46 430
46 732
46 782
46 925
47 58
47 62
47 97
47 208
47 364
47 405
47 476
47 512
47 553
47 640
47 757
48 336
48 434
48 571
48 587
48 664
48 706
48 748
48 775
48 781
48 828
49 77
49 123
49 204
49 246
49 347
49 420
49 544
49 635
49 677
49 972
50 137
50 592
50 694
50 811
51 67
51 169
51 205
51 295
51 361
51 391
51 428
51 705
51 767
52 174
52 186
52 294
52 475
52 505
52 624
52 702
52 747
52 983
53 88
53 133
53 137
53 226
53 459
53 643
53 663
53 712
53 798
53 863
54 132
54 345
54 527
54 535
54 654
54 809
54 866
54 999
55 110
55 237
55 259
55 267
55 390
55 434
55 457
55 478
55 613
55 808
55 932
56 188
56 198
56 206
56 252
56 402
56 428
56 430
56 556
56 565
56 674
56 778
56 833
56 874
56 931
57 89
57 97
57 192
57 278
57 399
57 412
57 546
57 680
57 858
57 904
57 996
58 145
58 265
58 485
58 492
58 519
58 560
58 583
58 726
58 735
58 752
58 903
58 991
59 142
59 236
59 322
59 459
59 584
59 631
59 688
59 829
59 858
60 97
60 147
60 442
60 493
60 581
60 915
61 90
61 95
61 140
61 551
61 608
61 661
61 853
62 235
62 311
62 384
62 595
62 724
62 757
62 868
62 873
62 956
62 999
63 64
63 424
63 518
63 565
63 575
63 764
63 847
63 881
63 886
63 978
64 93
64 192
64 753
64 761
64 906
65 158
65 167
65 228
65 246
65 310
65 460
65 612
65 717
65 862
65 966
66 183
66 199
66 234
66 277
66 382
66 498
66 868
66 985
67 168
67 180
67 242
67 275
67 428
67 466
67 513
67 591
67 612
68 146
68 368
68 485
68 529
68 627
68 793
68 899
69 118
69 142
69 312
69 441
69 503
69 505
69 581
69 622
69 710
69 773
70 228
70 305
70 424
70 501
70 863
71 127
71 450
71 731
71 926
72 165
72 173
72 176
72 305
72 347
72 454
72 460
72 897
72 967
73 197
73 306
73 361
73 413
73 572
73 654
73 695
73 718
73 750
73 808
73 857
73 861
74 386
74 627
74 635
74 681
74 812
74 820
74 850
74 856
75 134
75 207
75 212
75 290
75 315
75 319
75 504
75 547
75 632
75 661
75 717
75 757
75 821
75 913
75 985
76 185
76 201
76 298
76 521
76 546
76 747
76 834
76 869
77 243
77 376
77 481
77 525
77 581
77 830
77 973
78 168
78 225
78 469
78 530
78 566
78 705
78 706
78 722
78 932
78 979
79 380
79 484
79 506
79 530
79 531
79 569
79 591
79 736
79 905
80 193
80 408
80 445
80 533
80 566
80 630
80 680
80 796
80 968
81 199
81 320
81 402
81 409
81 482
81 484
81 711
81 727
81 779
81 858
81 983
82 243
82 287
82 397
82 604
82 701
82 784
82 795
82 834
83 111
83 195
83 207
83 228
83 277
83 387
83 566
83 574
83 631
83 682
83 697
83 763
84 235
84 249
84 264
84 478
84 555
84 556
84 580
84 663
84 720
84 768
84 798
84 803
84 859
84 874
85 223
85 226
85 322
85 688
85 734
85 850
85 860
85 923
85 952
86 108
86 114
86 124
86 190
86 328
86 476
86 549
86 558
86 573
86 654
86 678
86 708
86 789
87 115
87 239
87 352
87 363
87 390
87 419
87 453
87 600
87 664
87 702
87 857
87 858
87 924
87 946
87 978
87 991
88 284
88 307
88 567
88 655
88 672
88 679
89 214
89 299
89 517
89 542
90 138
90 240
90 286
90 470
90 511
90 515
90 541
90 610
90 729
90 778
90 907
90 968
91 154
91 181
91 346
91 354
91 382
91 563
91 629
91 916
91 985
92 113
92 123
92 163
92 262
92 324
92 833
92 846
92 974
93 95
93 98
93 346
93 354
93 669
93 695
93 870
93 933
93 935
93 960
94 106
94 203
94 258
94 653
94 934
95 277
95 289
95 346
95 370
95 418
95 501
95 596
95 639
95 654
96 143
96 301
96 317
96 329
96 332
96 508
96 522
96 580
96 666
96 713
96 821
97 99
97 101
97 108
97 455
97 529
97 639
97 718
97 854
98 142
98 201
98 254
98 310
98 325
98 327
98 381
98 445
98 478
98 507
98 547
98 804
98 843
98 902
98 935
99 155
99 347
99 497
99 572
99 637
99 701
100 157
100 728
100 794
100 805
100 930
101 169
101 234
101 332
101 357
101 390
101 535
101 562
101 607
101 625
101 627
101 655
101 775
101 825
101 966
102 106
102 278
102 436
102 638
102 723
102 768
102 882
102 893
102 923
103 376
103 387
103 724
103 950
104 393
104 450
104 596
104 673
104 828
104 846
104 932
104 982
104 997
105 330
105 474
105 554
105 820
105 923
106 107
106 227
106 228
106 274
106 364
106 644
106 856
107 404
107 452
107 689
107 937
108 145
108 222
108 473
108 500
108 625
108 637
108 705
108 801
108 829
108 837
108 882
109 141
109 159
109 272
109 390
109 498
109 500
109 699
109 834
109 930
110 128
110 521
110 548
110 599
110 612
110 781
110 796
110 929
110 953
110 975
111 116
111 273
111 285
111 373
111 389
111 567
111 675
111 727
111 798
112 178
112 214
112 266
112 273
112 385
112 423
112 719
112 769
112 863
113 172
113 185
113 214
113 237
113 378
113 406
113 409
113 512
113 531
113 617
113 815
113 892
113 957
114 220
114 264
114 299
114 331
114 342
114 400
114 503
114 704
114 707
114 749
114 794
114 816
114 832
115 387
115 431
115 455
115 857
115 861
115 974
116 404
116 728
116 925
116 988
117 134
117 137
117 398
117 424
117 478
117 681
117 756
117 760
117 877
117 918
117 972
117 974
118 128
118 198
118 310
118 323
118 403
118 469
118 471
118 474
118 479
118 780
119 128
119 171
119 337
119 393
119 569
119 684
119 785
119 876
120 128
120 232
120 292
120 608
120 681
120 874
121 332
121 419
121 448
121 487
121 639
121 643
121 652
121 778
121 816
121 820
121 824
121 908
121 925
122 127
122 142
122 276
122 292
122 449
122 618
122 798
122 929
122 952
123 201
123 457
123 536
123 689
123 758
123 813
123 999
124 390
124 742
125 167
125 319
125 477
125 637
125 774
125 874
125 941
126 133
126 234
126 271
126 293
126 412
126 418
126 514
126 518
126 563
126 585
126 600
126 888
126 924
126 947
127 130
127 170
127 214
127 673
127 709
127 711
127 907
127 941
127 963
127 985
128 143
128 217
128 268
128 353
128 406
128 487
128 587
128 659
128 782
128 913
128 921
128 957
129 199
129 275
129 325
129 336
129 557
129 609
129 614
129 628
129 703
129 758
129 878
129 883
129 887
129 943
130 149
130 173
130 188
130 199
130 272
130 277
130 387
130 463
130 602
130 644
130 758
130 770
130 816
131 184
131 216
131 315
131 377
131 542
131 683
131 917
132 143
132 207
132 232
132 477
132 596
132 602
132 708
132 868
132 909
133 189
133 263
133 303
133 441
133 829
133 901
133 908
133 915
133 922
134 352
134 570
134 604
134 700
134 704
134 798
134 839
134 858
134 921
134 965
135 139
135 359
135 651
135 838
136 366
136 395
136 445
136 505
136 720
136 734
136 811
136 871
136 886
136 919
137 252
137 268
137 445
137 522
137 531
137 636
137 689
137 778
137 811
137 864
137 866
137 988
138 731
138 777
138 825
138 830
139 187
139 339
139 388
139 564
139 631
139 649
139 681
139 691
139 845
139 857
140 184
140 636
140 767
140 776
140 837
140 893
141 185
141 347
141 454
141 494
141 661
141 670
141 784
141 801
141 910
142 224
142 297
142 346
142 385
142 521
142 559
142 720
142 736
142 778
142 952
143 150
143 175
143 208
143 227
143 340
143 428
143 611
143 626
143 736
144 253
144 277
144 303
144 391
144 480
144 610
144 685
144 731
144 746
144 856
144 966
144 968
145 171
145 207
145 226
145 270
145 737
145 827
145 864
145 892
146 238
146 273
146 990
147 150
147 438
147 480
147 536
147 562
147 634
147 766
147 809
147 911
147 944
147 971
148 275
148 354
148 413
148 637
148 811
148 950
149 211
149 317
149 368
149 481
149 609
149 808
149 961
150 239
150 527
150 758
151 408
151 538
151 649
151 731
151 792
151 859
151 867
151 878
152 236
152 523
152 596
152 629
152 646
152 800
153 223
153 399
153 496
153 564
153 823
154 270
154 348
154 443
154 631
154 722
154 783
154 890
154 904
154 962
155 265
155 294
155 566
155 702
155 803
155 826
155 863
155 937
155 947
155 960
156 309
156 438
156 468
156 734
156 751
156 775
157 217
157 363
157 473
157 539
157 640
157 698
157 714
157 719
157 979
157 993
158 214
158 246
158 248
158 320
158 322
158 340
158 359
158 382
158 435
158 526
158 822
159 427
159 456
159 603
159 769
159 880
159 962
159 964
160 165
160 390
160 412
160 418
160 552
160 590
160 765
160 837
160 849
160 873
161 165
161 490
161 513
161 560
161 678
161 918
162 254
162 362
162 447
162 637
162 694
162 940
162 960
163 175
163 204
163 229
163 301
163 437
163 515
163 559
163 614
163 924
163 969
164 290
164 341
164 741
164 747
164 957
165 202
165 310
165 479
165 704
166 217
166 227
166 314
166 336
166 342
166 345
166 680
166 728
166 820
167 418
167 704
167 712
168 476
168 515
168 730
168 855
169 174
169 343
169 415
169 479
169 590
169 625
169 882
169 909
170 171
170 337
170 340
170 399
170 403
170 573
170 677
170 756
170 784
170 787
170 852
170 873
170 885
170 931
171 316
171 360
171 580
171 606
171 627
171 756
171 926
171 939
172 327
172 507
172 584
172 1000
173 326
173 395
173 596
173 951
174 219
174 301
174 421
174 541
174 636
174 677
174 721
175 338
175 378
175 477
175 564
175 598
175 669
175 704
175 756
175 788
175 837
175 847
176 261
176 405
176 519
176 686
176 744
176 755
176 757
176 836
176 953
176 970
176 973
176 980
177 240
177 306
177 383
177 465
177 542
178 319
178 429
178 511
178 565
178 868
178 891
178 912
179 205
179 224
179 489
179 623
179 835
180 336
180 346
180 376
180 451
180 464
180 474
180 627
180 688
180 975
181 279
181 388
181 509
181 545
181 547
181 766
181 847
182 204
182 229
182 429
182 608
182 679
182 726
182 730
182 755
182 764
182 772
182 873
182 929
182 965
183 397
183 419
183 624
183 843
183 901
184 216
184 386
184 414
184 417
184 525
184 603
184 750
184 773
184 950
184 999
185 308
185 312
185 313
185 328
185 495
185 544
185 590
185 599
185 606
185 748
185 871
185 963
186 243
186 282
186 325
186 365
186 472
186 530
186 578
186 607
186 661
186 673
186 762
186 958
187 229
187 233
187 246
187 325
187 341
187 561
187 575
187 595
187 694
187 840
187 869
187 948
188 214
188 275
188 309
188 382
188 402
188 971
189 617
189 647
189 824
189 957
189 966
190 214
190 271
190 746
190 779
191 223
191 264
191 403
191 420
191 563
191 668
191 685
191 787
192 283
192 438
192 630
192 677
192 679
192 883
192 899
192 966
193 291
193 330
193 393
193 494
193 499
193 589
193 692
193 737
193 845
193 879
193 926
193 966
194 318
194 607
194 678
194 711
194 724
194 788
194 791
195 197
195 391
195 557
195 807
195 906
195 907
195 948
196 486
196 574
196 604
196 872
197 290
197 919
198 262
198 326
198 373
198 546
198 814
198 878
198 976
199 248
199 284
199 302
199 347
199 380
199 459
199 514
199 561
199 630
199 819
200 235
200 246
200 462
200 480
200 626
200 716
200 842
200 876
200 964
201 349
201 368
201 412
201 586
201 670
201 767
201 769
201 772
201 910
201 989
202 440
202 463
202 480
202 798
203 217
203 286
203 436
203 528
203 575
203 722
203 792
203 847
204 317
204 396
204 586
204 606
204 682
204 738
204 771
204 997
205 309
205 324
205 386
205 396
205 421
205 496
205 500
205 504
205 530
205 577
205 788
205 847
205 908
205 972
206 223
206 292
206 342
206 467
206 497
206 571
206 726
206 775
206 778
207 509
207 622
207 812
207 880
208 333
208 379
208 439
208 484
208 497
208 754
208 929
209 423
209 516
209 537
209 579
209 872
209 910
209 922
209 948
209 957
209 980
209 986
210 353
210 428
210 532
210 602
210 614
210 670
210 680
211 245
211 462
211 667
211 689
211 715
211 739
211 839
211 848
211 908
212 484
212 514
212 575
212 624
212 669
212 836
212 929
213 288
213 333
213 393
213 793
213 872
214 367
214 382
214 414
214 429
214 506
214 530
214 773
214 823
214 862
214 889
214 989
215 250
215 302
215 332
215 466
215 474
215 479
215 673
215 758
216 304
216 424
216 649
216 741
216 751
216 801
216 884
216 938
217 336
217 407
217 420
217 508
217 605
217 641
217 648
217 791
217 865
217 954
217 969
218 229
218 431
218 468
218 488
218 564
218 585
218 618
218 746
218 782
219 458
219 610
219 760
220 378
220 569
220 607
220 807
220 820
220 921
220 947
221 367
221 372
221 388
221 680
221 723
221 828
221 863
222 228
222 437
222 528
222 698
222 798
222 809
223 592
223 889
223 913
223 943
224 524
224 581
224 631
224 635
224 685
224 757
224 763
224 836
225 348
225 349
225 392
225 676
225 732
225 827
225 854
225 937
225 955
226 383
226 452
226 519
226 740
226 863
226 931
226 961
227 298
227 317
227 331
227 469
227 563
227 650
227 661
227 772
227 867
227 896
228 264
228 388
228 489
228 516
228 526
228 654
228 706
228 780
228 857
228 964
229 311
229 373
229 493
229 591
229 669
229 757
229 808
229 816
229 936
229 958
230 254
230 260
230 344
230 423
230 562
230 828
230 923
231 287
231 297
231 435
231 509
231 540
231 900
231 939
232 314
232 470
232 546
232 681
232 821
232 849
232 852
232 890
233 247
233 284
233 458
233 575
233 716
233 834
233 856
234 456
234 849
234 906
234 925
234 957
235 455
235 755
235 801
235 996
236 266
236 270
236 332
236 351
236 528
236 571
236 755
236 870
236 940
237 240
237 406
237 438
237 586
237 640
237 682
237 714
237 760
237 804
237 862
237 864
237 939
238 307
238 399
238 423
238 605
238 667
238 722
238 880
238 891
239 251
239 329
239 382
239 390
239 518
239 749
240 283
240 290
240 416
240 486
240 545
240 604
240 697
240 744
240 783
240 795
240 827
240 906
240 908
240 963
241 289
241 310
241 429
241 458
241 577
241 759
241 929
242 455
242 669
242 815
242 870
242 937
242 980
243 291
243 363
243 494
243 597
243 713
243 749
243 927
243 933
244 319
244 374
244 390
244 703
244 704
244 794
244 887
245 247
245 255
245 287
245 305
245 403
245 487
245 515
245 518
245 541
245 564
245 694
245 728
245 751
245 752
245 764
245 771
245 847
245 929
246 355
246 474
246 757
246 770
246 802
246 851
246 887
246 914
246 937
246 959
246 981
247 308
247 533
247 575
247 704
248 265
248 275
248 289
248 304
248 347
248 628
248 787
248 862
249 359
249 497
249 517
249 637
249 718
249 760
249 785
249 884
249 925
250 529
250 540
250 914
250 931
250 933
251 463
251 604
251 627
251 868
251 888
252 438
252 539
252 604
252 657
252 928
253 338
253 412
253 413
253 468
253 495
253 543
253 579
253 611
253 627
253 947
254 321
254 388
254 435
254 496
254 565
254 649
254 724
254 847
255 259
255 290
255 310
255 331
255 401
255 565
255 573
255 607
255 717
255 719
255 774
255 842
255 851
255 952
256 257
256 279
256 419
256 539
256 588
256 664
256 737
256 755
256 898
257 356
257 399
257 434
257 534
257 824
257 825
257 965
258 398
258 476
258 806
259 307
259 360
259 398
259 622
259 623
259 830
260 271
260 325
260 482
260 546
260 677
260 820
260 959
261 278
261 743
261 800
261 807
261 864
261 877
261 948
261 961
261 998
262 453
262 458
262 569
262 718
263 392
263 430
263 566
263 693
263 813
263 891
263 920
263 951
264 407
264 466
264 489
264 591
264 596
264 674
264 993
265 382
265 383
265 507
265 557
265 657
265 864
265 871
265 882
266 384
266 614
266 796
267 307
267 323
267 425
267 500
267 516
267 530
267 593
267 726
267 837
267 943
268 399
268 471
268 582
268 603
268 664
268 678
268 731
268 771
268 892
268 1000
269 316
269 380
269 490
269 718
269 760
269 906
270 320
270 458
270 570
270 619
270 825
270 839
270 867
270 920
270 965
271 794
271 814
271 893
271 916
272 524
272 554
272 689
272 754
272 827
272 839
272 901
272 910
272 943
272 996
273 368
273 695
273 721
273 926
274 515
274 566
274 699
274 702
274 962
275 532
275 856
275 863
275 947
276 677
276 741
277 347
277 677
277 691
277 789
277 966
277 998
278 327
278 351
278 443
278 495
278 497
278 563
278 643
278 714
278 804
278 905
279 314
279 536
279 582
279 727
279 880
279 895
279 994
280 354
280 432
280 490
280 520
280 665
280 693
280 696
280 790
280 852
280 946
281 325
281 332
281 398
281 578
281 672
281 813
281 853
282 326
282 336
282 451
282 508
282 634
282 734
282 790
282 819
282 934
282 946
282 982
283 370
283 378
283 383
283 452
283 469
283 477
283 519
283 593
283 844
283 892
284 291
284 321
284 425
284 508
284 532
284 663
284 778
284 874
284 891
284 975
285 314
285 357
285 548
285 578
285 659
285 752
285 926
286 309
286 395
286 431
286 485
286 601
286 623
286 651
286 885
286 999
287 312
287 339
287 419
287 510
287 586
287 704
287 805
287 812
287 921
288 345
288 536
288 616
288 688
288 761
288 767
289 292
289 311
289 403
289 438
289 458
289 630
289 654
289 746
289 782
289 865
290 489
291 567
291 626
291 659
291 668
291 830
291 925
292 390
292 412
292 856
292 896
292 957
293 357
293 380
293 480
293 631
293 675
293 742
293 815
294 641
294 714
294 867
294 868
294 878
294 904
294 963
295 339
295 558
295 812
295 828
295 913
296 302
296 540
296 752
297 327
297 403
297 481
297 582
297 733
297 987
298 479
298 630
298 683
298 963
298 976
298 993
299 528
299 535
299 601
299 633
299 687
299 707
299 857
299 905
300 394
300 428
300 451
300 698
300 786
300 949
301 519
301 717
301 763
301 803
301 888
302 331
302 346
302 758
302 777
302 789
302 992
303 406
303 505
303 532
303 629
303 852
304 312
304 318
304 430
304 447
304 517
304 550
304 641
304 719
304 794
304 881
304 922
305 389
305 436
305 477
306 390
306 464
306 510
306 566
306 790
306 845
306 902
306 970
307 386
307 421
307 497
307 653
307 814
307 931
308 570
308 692
308 737
308 889
309 363
309 396
309 432
309 487
309 514
309 525
309 663
309 754
309 840
309 888
309 898
309 966
309 977
310 323
310 353
310 404
310 974
311 767
311 796
311 951
312 533
312 740
312 829
312 914
312 970
313 333
313 398
313 714
313 845
313 913
313 927
313 970
314 418
314 419
314 435
314 651
314 726
314 745
314 832
314 866
314 902
315 358
315 367
315 396
315 467
315 508
315 668
315 685
315 724
315 771
315 779
315 869
315 931
316 359
316 790
316 834
316 966
316 999
317 433
317 558
317 747
317 941
317 953
318 560
318 675
318 677
318 807
318 999
319 448
319 482
319 543
319 549
319 652
319 744
319 782
319 834
319 921
319 986
320 355
320 668
320 730
320 798
320 897
321 480
321 581
321 591
321 753
321 874
321 949
322 418
322 491
322 605
322 653
322 816
322 872
322 913
322 978
323 572
323 593
323 820
323 874
323 901
323 952
324 355
324 548
324 570
324 671
324 694
324 973
325 441
325 743
325 750
325 772
325 793
325 856
326 348
326 374
326 438
326 511
326 648
326 678
326 715
327 522
327 563
327 573
327 613
327 648
327 988
328 443
328 563
328 616
328 647
328 721
328 723
328 755
328 765
328 803
328 969
329 344
329 377
329 550
329 555
329 570
329 656
329 747
329 869
330 365
330 378
330 446
330 462
330 471
330 572
331 579
331 594
331 597
331 738
331 757
331 810
331 898
331 929
332 376
332 856
332 969
332 977
333 569
333 710
334 452
334 454
334 532
334 613
334 642
334 797
334 886
334 948
335 363
335 426
335 588
335 639
335 707
335 733
335 795
335 827
335 987
336 342
336 365
336 419
336 472
336 534
336 663
336 737
336 831
336 872
336 892
337 512
337 550
337 827
337 871
337 954
338 391
338 439
338 469
338 598
338 609
338 669
338 700
338 782
339 404
339 647
339 660
339 777
340 345
340 363
340 461
340 654
340 772
340 843
341 465
341 623
341 778
341 922
342 423
342 433
342 434
342 510
342 629
342 694
342 696
342 713
342 730
343 361
343 461
343 633
343 787
343 811
343 929
343 940
343 981
344 392
344 504
344 518
344 528
344 536
344 770
345 366
345 422
345 459
345 560
345 799
345 995
346 384
346 508
346 526
346 573
346 799
347 433
347 499
347 752
347 895
347 967
348 372
348 599
348 601
348 615
348 722
348 769
348 813
348 845
349 451
349 478
349 507
349 520
349 620
349 650
349 693
349 741
349 751
349 843
349 863
350 603
350 712
350 831
350 918
350 937
350 979
351 446
351 451
351 587
351 685
351 697
351 773
351 791
351 805
351 891
351 943
352 367
352 368
352 380
352 548
352 565
352 653
352 664
352 973
353 552
353 634
353 666
353 680
353 683
353 725
353 836
353 898
353 901
353 938
353 959
354 399
354 509
354 598
354 611
354 639
354 642
354 816
354 859
354 937
354 963
355 470
355 674
355 919
356 395
356 458
356 513
356 536
356 561
356 591
356 597
356 753
356 787
356 815
356 818
356 897
357 363
357 632
357 647
357 718
357 754
358 434
358 676
358 681
358 901
359 387
359 413
359 620
359 673
359 776
359 827
360 569
360 905
360 950
361 634
361 822
361 842
362 408
362 518
362 621
363 475
363 504
363 621
363 768
363 814
363 876
363 912
364 486
364 682
364 780
364 781
364 939
364 957
365 369
365 553
365 607
365 630
365 665
366 593
366 815
367 513
367 589
367 704
367 728
367 736
368 403
368 609
368 655
368 730
368 732
368 774
368 819
368 873
368 902
369 379
369 504
369 561
369 605
369 641
369 642
369 687
369 689
369 718
369 833
369 965
370 502
370 573
370 594
370 651
370 896
370 940
371 432
371 646
371 673
371 786
371 838
371 963
372 384
372 595
372 700
372 784
372 937
373 439
373 507
373 694
373 812
373 881
373 982
374 441
374 565
374 623
374 703
374 705
374 706
374 745
374 857
375 401
375 470
375 533
375 658
375 905
376 471
376 490
376 597
376 637
376 764
376 775
376 869
377 399
377 551
377 568
377 996
378 426
378 449
378 450
378 460
378 653
378 707
378 800
378 971
379 543
379 655
379 692
379 802
379 887
380 471
380 558
380 580
380 817
380 872
380 981
381 485
381 502
381 509
381 609
381 932
381 959
382 401
382 606
382 862
382 872
382 945
382 966
383 419
383 584
383 756
383 833
383 940
384 591
384 737
384 970
385 389
385 425
385 525
385 566
385 670
385 851
385 916
386 397
386 425
386 428
386 455
386 858
387 402
387 458
387 515
387 775
387 934
388 498
388 596
388 600
388 656
388 780
388 886
389 485
389 613
389 898
390 510
390 531
390 590
390 665
390 750
391 443
391 510
391 549
391 616
391 624
391 709
391 870
392 406
392 481
392 603
392 864
392 956
393 439
393 556
393 728
393 894
393 896
393 954
394 603
394 638
394 838
394 856
394 939
394 978
395 431
395 601
395 605
395 780
395 801
395 919
395 995
396 765
397 437
397 451
397 503
397 613
397 655
397 660
397 663
397 880
397 917
398 568
398 623
398 697
398 709
398 743
398 744
398 778
398 887
399 447
399 462
399 577
399 622
399 651
399 721
399 838
399 843
399 849
400 586
400 631
401 473
401 486
401 503
401 575
401 642
401 707
401 948
401 954
401 991
402 549
402 900
402 913
402 961
403 499
403 607
403 805
403 835
403 940
404 416
404 582
404 749
404 908
404 977
405 433
405 445
405 517
405 612
406 472
406 600
406 692
406 802
407 468
407 591
407 638
407 660
407 733
407 962
408 512
408 594
408 606
408 930
409 441
409 461
409 470
409 544
409 819
409 825
409 934
410 517
410 585
410 637
410 792
410 806
410 905
411 463
411 505
411 530
411 551
411 681
411 689
411 833
411 997
412 536
412 726
412 786
412 804
412 826
412 869
413 519
413 537
413 557
413 571
413 585
413 621
413 720
413 855
413 976
413 984
414 495
414 643
414 676
414 711
414 741
414 745
414 938
415 631
415 804
415 826
415 870
415 950
416 437
416 443
416 475
416 501
416 707
416 778
416 892
416 944
417 423
417 441
417 443
417 464
417 478
417 520
417 554
417 711
417 721
417 777
417 804
417 843
417 852
418 455
418 698
418 767
418 844
418 953
419 452
419 514
419 518
419 623
419 894
419 945
420 506
420 509
420 605
420 726
420 857
420 925
421 525
421 886
422 460
422 465
422 489
422 506
422 586
422 602
422 644
422 961
422 988
423 806
423 815
424 625
424 682
424 758
424 778
425 495
425 608
425 654
425 723
425 793
425 848
425 965
426 486
426 511
426 556
426 601
426 627
426 757
426 939
426 951
427 543
427 557
427 620
427 642
427 794
427 811
427 907
427 919
427 949
428 484
428 545
428 642
428 721
428 769
428 901
428 971
429 533
429 577
429 700
429 833
429 894
429 956
430 435
430 437
430 602
430 603
430 804
430 823
430 825
430 882
431 523
431 587
431 638
431 773
431 816
431 825
431 990
432 534
432 559
432 838
432 864
433 476
433 534
433 865
433 908
434 797
434 873
435 510
435 571
435 576
435 640
435 723
435 733
435 784
435 811
435 945
436 619
436 776
437 647
437 719
437 947
437 948
437 967
438 517
438 627
438 656
438 660
438 800
439 529
439 597
439 743
439 883
440 497
440 522
440 724
441 466
441 638
441 689
441 865
442 761
442 919
442 934
442 980
442 998
443 496
443 661
443 912
443 932
443 980
444 485
444 510
444 606
444 927
444 993
445 454
445 665
445 727
445 848
445 906
445 988
446 524
446 671
446 681
446 715
446 724
447 530
447 657
448 633
448 642
448 688
448 922
449 558
449 588
449 674
449 914
449 931
450 557
450 597
450 646
450 852
450 884
451 592
451 678
451 701
451 711
451 763
451 805
451 906
452 495
452 564
452 597
452 664
452 689
452 691
452 799
452 804
452 870
452 878
452 885
453 483
453 517
453 518
453 661
453 785
453 795
453 884
454 498
454 669
454 742
454 833
454 979
455 832
455 886
455 921
455 926
455 934
455 952
455 979
456 474
456 675
456 721
456 968
456 974
457 488
457 514
457 559
457 573
457 901
457 921
457 953
458 473
458 489
458 541
458 733
458 745
458 843
458 953
459 828
459 843
459 861
459 896
460 505
460 574
460 646
460 881
460 945
461 511
461 545
461 968
462 540
462 657
462 946
463 595
463 652
463 685
463 800
464 486
464 596
464 629
464 773
464 836
464 887
465 581
465 675
465 741
465 753
466 509
466 667
466 699
466 740
466 763
466 767
466 831
466 946
467 577
467 641
467 658
467 679
467 745
467 770
467 882
467 921
468 485
468 487
468 500
468 665
468 685
468 865
468 882
468 897
468 951
468 961
469 510
469 518
469 691
469 891
469 892
469 953
470 611
470 640
470 727
470 777
470 797
470 982
471 795
471 929
472 554
472 691
472 779
472 814
472 862
472 997
473 609
473 613
473 638
473 727
473 762
473 894
473 989
474 518
474 575
474 660
474 755
474 838
474 842
475 614
475 692
475 769
475 845
475 863
476 698
476 834
477 608
477 902
477 930
477 933
477 946
478 621
478 810
478 863
478 976
479 507
479 556
479 611
479 628
479 826
479 841
480 506
480 778
480 937
481 522
481 533
481 778
481 790
481 805
481 862
481 953
482 564
482 648
482 683
482 736
482 750
482 926
483 499
483 515
483 766
484 737
484 763
484 910
484 993
485 487
485 616
485 677
485 840
485 917
485 968
485 970
486 573
486 611
486 740
486 741
486 783
486 863
486 902
487 578
487 597
487 605
487 641
487 719
487 894
487 947
487 971
488 672
488 793
488 830
488 843
488 889
488 967
489 529
489 743
489 902
489 939
489 956
490 513
490 584
490 614
490 618
490 662
490 859
490 870
490 904
490 930
491 834
491 978
492 493
492 540
492 543
492 701
492 720
492 858
492 884
493 528
493 650
493 698
493 747
493 797
494 537
494 551
494 764
494 765
494 973
495 716
495 806
495 823
495 892
495 971
496 644
496 668
496 744
496 778
496 865
496 872
496 911
496 947
497 847
497 988
498 582
498 586
498 626
498 715
498 736
498 810
498 912
498 914
498 951
499 584
499 590
499 618
499 644
499 665
499 714
499 919
500 506
500 638
500 676
500 742
501 674
502 520
502 570
502 598
502 677
502 701
502 783
502 925
502 928
503 518
503 546
503 549
503 674
503 746
503 789
503 909
504 570
504 657
504 840
504 903
504 935
504 993
505 542
505 811
506 516
506 572
506 676
506 684
506 756
506 844
506 855
506 984
506 986
507 811
507 845
507 890
508 631
508 635
508 688
508 733
508 812
508 957
508 979
509 512
509 574
509 588
509 594
509 633
509 798
509 805
509 884
510 545
510 703
510 800
510 991
511 587
511 632
511 712
511 814
511 845
512 546
512 685
513 940
514 799
515 730
515 810
515 905
516 561
516 609
516 827
516 883
516 965
517 573
517 649
517 659
517 980
518 641
518 656
518 872
519 529
519 626
519 757
519 845
520 548
520 596
520 891
521 635
521 755
521 770
521 828
521 945
522 565
522 630
522 868
522 905
522 914
522 936
522 973
522 977
523 560
523 681
523 773
523 848
523 934
524 575
524 594
524 655
524 716
524 769
524 795
524 960
525 703
525 731
525 734
525 759
525 887
525 914
526 535
526 682
526 757
526 761
526 789
527 545
527 676
527 763
527 769
527 775
527 798
527 821
527 907
527 932
528 569
528 708
528 768
528 838
528 897
528 911
528 992
529 592
529 606
529 669
529 696
529 773
529 866
529 928
530 533
530 635
530 755
530 807
531 560
531 735
531 770
531 820
531 857
532 571
532 596
532 616
532 698
532 719
532 783
532 940
532 984
533 632
533 657
533 776
533 847
534 724
534 842
534 952
534 966
534 979
535 635
535 729
535 863
535 899
535 993
536 560
536 583
536 709
536 805
536 912
536 994
537 610
537 620
537 731
537 742
537 936
537 958
538 787
538 810
539 540
539 707
539 798
539 835
539 843
539 868
539 940
540 556
541 649
541 698
541 737
542 719
542 815
542 824
543 794
544 985
545 789
545 809
545 860
546 937
546 985
547 601
547 984
548 687
548 701
548 812
548 860
548 963
549 601
549 611
549 697
549 765
549 771
549 847
549 864
549 907
549 909
549 955
550 598
550 607
550 665
550 771
550 826
550 858
550 909
550 917
551 698
551 711
551 774
551 942
551 961
552 557
552 618
552 682
552 716
552 876
552 892
552 955
553 711
553 758
553 814
553 866
553 875
553 894
553 897
553 947
554 636
554 709
554 884
554 891
554 986
554 987
555 903
555 967
556 698
556 880
556 911
557 566
557 815
557 936
557 980
558 598
558 662
558 817
558 837
558 896
558 964
559 603
559 710
559 812
559 825
559 899
560 661
560 799
560 937
561 823
561 838
561 964
561 987
562 568
562 645
562 706
562 772
562 841
562 875
562 883
563 729
564 688
564 727
564 770
564 851
565 644
565 783
565 850
565 878
565 911
565 997
566 632
566 718
566 785
566 803
566 905
567 569
567 683
567 820
567 827
567 880
567 908
568 575
568 764
568 857
568 904
568 956
568 976
568 993
569 679
569 726
569 731
569 791
569 862
569 949
569 950
570 591
570 863
570 974
571 646
571 700
571 841
571 964
571 977
572 956
573 587
573 912
574 625
574 775
574 844
574 857
574 890
575 878
576 675
576 698
576 769
576 861
576 913
576 972
577 610
577 711
577 760
577 769
577 973
578 731
578 880
579 595
580 727
580 793
580 853
580 908
580 913
580 917
580 918
581 619
581 923
582 685
582 776
582 801
582 874
582 982
583 620
583 658
583 700
583 842
584 802
584 871
584 975
584 988
585 655
585 719
585 721
585 775
585 842
586 658
586 665
586 735
586 926
586 927
587 675
587 788
587 830
587 904
588 673
588 743
588 880
589 631
589 645
589 668
589 938
589 960
590 755
590 798
590 824
590 952
590 994
591 597
591 629
591 736
591 837
591 916
592 764
592 941
592 952
593 661
593 758
593 854
593 907
594 809
594 823
594 946
595 609
595 638
595 759
595 796
596 719
596 807
596 831
596 839
596 948
597 687
597 700
597 715
597 760
597 769
597 806
597 900
597 945
598 778
598 808
598 829
598 903
598 906
598 958
598 971
599 605
599 744
599 751
599 782
599 788
599 809
599 839
599 851
600 774
600 825
600 953
601 643
601 673
601 891
601 899
602 609
602 615
602 666
602 697
603 642
603 783
603 999
604 656
604 711
604 826
604 873
604 878
604 953
604 993
605 616
605 964
605 985
606 744
606 819
607 685
607 724
607 902
608 614
608 863
609 814
609 835
609 912
609 971
609 981
609 1000
610 628
610 721
610 786
611 639
611 803
612 627
612 647
612 771
612 903
612 937
612 959
612 997
613 730
613 755
613 774
613 971
614 692
614 821
615 675
616 737
616 787
616 816
616 897
617 628
617 664
617 964
617 1000
618 622
618 804
618 968
618 991
619 621
619 738
619 788
619 862
619 997
620 890
621 809
621 846
621 986
621 999
622 637
622 860
623 777
623 791
623 795
623 820
624 663
624 702
624 728
624 741
624 856
626 694
626 723
626 820
626 958
626 987
627 758
627 770
627 966
628 656
628 727
628 805
628 877
629 893
630 652
630 720
632 697
632 823
632 840
632 859
632 982
633 635
633 766
634 734
634 818
634 976
635 731
635 744
635 873
635 882
635 909
635 934
635 977
636 639
636 863
636 904
636 925
636 958
637 649
637 666
637 848
637 969
638 648
638 679
638 738
638 847
639 782
639 878
639 885
639 905
639 914
639 940
639 942
639 945
640 710
640 750
640 762
640 798
640 802
640 874
640 876
640 953
641 649
641 895
641 908
642 745
642 746
642 778
643 745
643 878
644 719
644 893
644 971
645 759
645 850
645 947
645 990
646 655
646 751
646 853
646 862
647 876
647 893
648 688
648 892
648 906
649 832
649 857
649 899
649 912
649 945
650 688
650 712
650 781
651 687
651 691
651 749
652 681
652 872
652 913
652 987
652 999
653 711
653 748
653 792
653 892
653 974
654 905
654 958
654 963
655 701
655 908
656 666
656 818
656 908
657 698
657 751
657 785
657 953
657 986
658 719
659 743
659 899
659 1000
660 924
661 739
661 847
661 849
661 885
661 993
662 672
663 777
663 938
664 854
665 683
665 763
665 818
665 860
665 873
666 760
666 835
666 958
667 672
667 723
667 900
667 918
667 954
667 972
668 745
668 851
668 918
668 950
669 691
669 728
670 713
670 918
670 964
670 984
671 678
672 753
672 793
672 836
672 854
672 962
672 965
673 849
673 951
674 693
674 844
674 881
675 783
675 845
675 951
676 744
676 804
676 961
677 680
677 749
677 811
678 903
678 925
679 702
679 737
680 772
680 778
680 818
680 855
680 927
680 967
681 728
682 946
682 970
683 703
683 719
683 834
683 955
684 724
684 914
684 989
685 702
685 705
685 713
685 808
685 923
685 992
686 903
687 717
687 745
687 748
687 767
687 836
687 839
688 712
688 728
688 764
688 856
688 867
688 905
688 931
689 877
689 968
690 714
690 786
690 827
690 989
691 742
691 880
691 957
693 719
693 790
693 846
694 820
694 832
694 839
694 853
694 889
694 907
695 765
696 815
696 877
696 975
696 979
697 716
697 810
697 915
697 1000
698 822
699 827
699 943
699 987
700 702
700 718
700 738
700 742
700 920
700 995
701 702
701 977
702 808
702 813
702 887
702 961
703 871
703 948
704 782
704 822
704 869
704 993
705 743
705 823
705 871
705 873
705 884
705 896
705 990
706 836
707 814
707 890
707 991
707 992
708 870
708 981
709 776
709 814
709 847
710 736
711 825
711 903
711 951
712 959
713 745
713 850
713 937
713 996
714 780
715 796
715 824
715 827
715 868
716 871
716 906
717 732
717 749
717 771
717 803
717 988
718 765
718 804
718 894
719 736
719 848
719 872
719 936
720 824
720 875
720 887
720 932
721 907
721 987
722 742
722 759
722 921
722 949
722 991
723 751
723 755
723 764
723 854
723 858
723 952
725 960
725 987
725 993
726 780
726 991
727 762
727 798
727 840
727 910
727 969
728 743
728 869
729 766
729 779
730 883
730 931
731 849
731 854
732 808
732 905
733 848
734 737
734 756
734 898
734 944
735 968
736 830
736 953
736 960
736 969
737 806
737 834
737 837
738 792
738 896
738 944
738 946
738 963
739 770
739 771
739 831
740 807
740 812
740 954
741 769
741 807
742 786
742 885
742 981
742 992
743 851
743 949
743 998
744 758
744 823
744 874
744 914
745 971
746 816
746 861
746 922
746 930
746 988
747 851
747 900
747 978
747 993
748 948
749 751
749 972
750 812
750 831
750 965
751 760
751 810
751 932
751 945
752 881
753 777
753 779
754 854
754 991
755 847
756 914
757 891
758 764
758 783
758 914
758 960
758 968
758 994
759 984
761 780
761 826
761 871
761 905
762 856
762 858
763 784
765 778
765 783
765 787
765 888
765 982
767 793
767 852
767 913
767 925
767 931
768 857
768 868
769 773
770 785
770 903
771 915
771 973
771 983
771 995
773 937
773 964
774 780
774 788
774 903
774 949
775 865
776 779
776 823
776 910
776 934
776 936
776 960
777 778
777 828
777 829
777 945
777 960
778 804
778 852
778 885
778 887
779 811
779 859
779 909
779 976
782 848
783 784
783 928
783 937
784 896
786 885
786 941
786 974
787 810
787 853
787 886
788 845
788 890
789 879
789 953
790 844
790 890
790 913
790 978
791 822
792 840
793 795
793 853
793 990
794 928
794 960
795 909
797 806
797 869
797 960
797 961
798 818
798 843
798 852
798 861
798 948
798 951
799 808
799 896
799 948
800 874
800 928
800 980
800 988
801 910
801 949
801 966
803 809
803 903
805 886
805 986
806 815
806 897
807 885
808 846
808 919
808 947
808 951
808 958
809 813
809 933
809 973
810 867
810 887
810 913
812 983
813 823
813 868
813 897
814 871
814 896
814 925
814 995
815 837
815 840
816 819
816 826
816 837
816 851
816 898
817 848
818 886
818 937
818 994
819 856
819 874
819 914
819 940
819 999
820 875
820 960
821 935
822 846
823 846
824 854
824 879
824 892
824 925
826 920
827 856
827 973
827 988
828 854
828 901
829 971
829 987
830 871
830 983
831 875
831 985
832 903
832 962
832 992
833 916
834 945
836 850
836 857
837 894
837 924
837 970
838 883
838 910
839 842
841 988
842 926
843 850
843 906
843 919
843 971
843 985
844 853
845 866
845 889
845 901
845 937
845 965
845 968
845 991
846 856
846 903
846 905
846 969
847 870
847 959
848 862
848 904
850 877
850 964
851 944
851 960
852 975
853 893
855 965
855 969
856 980
857 950
859 870
859 943
859 978
861 886
861 942
861 967
862 931
865 887
865 909
866 954
867 950
868 891
868 951
869 930
869 955
870 927
871 913
872 921
872 959
873 949
873 959
875 926
875 952
875 977
877 882
880 928
880 958
882 915
882 934
882 940
883 921
884 888
884 952
884 988
885 975
886 908
886 995
887 998
888 948
890 891
892 946
892 972
892 982
893 902
893 948
894 944
894 948
894 999
896 960
898 939
898 962
899 956
901 946
902 903
903 918
903 993
904 988
907 960
907 982
908 966
909 996
910 933
911 926
915 964
916 997
917 934
922 947
924 986
925 992
929 940
930 932
930 971
931 947
934 984
936 979
938 954
938 958
941 966
943 981
953 957
953 969
954 962
954 964
963 970
963 972
968 996
972 973
976 979
976 982
976 1000
980 985
989 990
